#    0.000   0.000   0.000 ;Mean Elev.(m), Avg Gradient(m/km), RMS Gradient(m/km) - SRTM1     
#    0.000   0.000   0.000 ;Mean Elev.(m), Avg Gradient(m/km), RMS Gradient(m/km) - ASTER GDEM
#   14.691  -2.598  26.153 ;Mean Elev.(m), Avg Gradient(m/km), RMS Gradient(m/km) - GMTED2010 
  7 301.392710   5.697752    14.766    14.790  7 52458.07715675 51.468
  8 301.394595   5.723212    11.771    11.637 12 52493.07713877 43.073
 10 301.392238   5.715072     8.914     8.894 14 52563.07715778 46.064
 12 301.392106   5.692669    10.267    10.276  6 52633.07712030 52.207
 13 301.391977   5.691600     8.675     8.676  6 52668.07713647 36.864
 14 301.393033   5.720439     8.506     8.494 12 52703.07711903 38.039
 16 301.392398   5.716943    11.693    11.696 14 52773.07711725 49.951
 17 301.391452   5.688385    13.432    13.408  5 52808.07717555 51.301
 18 301.392263   5.695614    12.622    12.616  6 52843.07723474 52.445
 19 301.392011   5.691194    11.472    11.478  6 52878.07727211 51.612
 20 301.394156   5.721771     9.874     9.842 12 52913.07723596 38.976
 21 301.392572   5.716865     9.020     9.013 14 52948.07719276 38.674
 23 301.392199   5.701495     9.975     9.932  8 53018.07721681 52.587
 24 301.392138   5.713504     8.652     8.632 14 53053.07720094 45.207
 25 301.387204   5.686972     8.784     8.789  5 53088.07723273 44.939
 26 301.392322   5.695729    10.199    10.191  6 53123.07720455 53.544
 27 301.387809   5.687540    13.946    13.941  5 53158.07726082 51.765
 28 301.392277   5.717339    13.050    13.063 13 53193.07726003 42.627
 30 301.391636   5.692014    11.044    11.044  5 53263.07722478 51.644
 31 301.385109   5.687405     9.720     9.720  2 53298.07726368 53.290
 33 301.391828   5.715707     8.742     8.744 14 53368.07718356 51.024
 35 301.391159   5.711746     9.165     9.231 13 53438.07720098 43.041
 36 301.390661   5.687188    11.381    11.387  5 53473.07725222 50.932
 37 301.391587   5.693092    12.996    13.013  6 53508.07727942 51.456
 38 301.390722   5.688379    13.060    13.063  5 53543.07728867 50.993
 39 301.391951   5.694520    12.618    12.623  6 53578.07727347 51.182
 40 301.391807   5.691045    12.391    12.395  5 53613.07722568 46.698
 41 301.391618   5.708201     9.893     9.928 12 53648.07723445 51.217
 42 301.389672   5.686689     9.157     9.146  6 53683.07724528 50.313
 43 301.392281   5.716214    10.116    10.097 14 53718.07717795 51.563
 44 301.393389   5.722160    12.598    12.587 12 53753.07709983 51.796
 45 301.392583   5.717272     9.970     9.961 13 53788.07712900 50.423
 46 301.391655   5.715006     9.755     9.811 14 53823.07708353 38.895
 47 301.390635   5.687622    10.466    10.461  5 53858.07717068 51.454
 48 301.392267   5.715733    13.777    13.779 14 53893.07719057 51.515
 49 301.384563   5.686417    15.177    15.177  2 53928.07724388 51.874
 50 301.388759   5.685777    13.644    13.639  5 53963.07722591 51.892
 51 301.391663   5.709364    11.315    11.344 12 53998.07717806 52.574
 52 301.391575   5.712648     9.924     9.919 14 54033.07722784 51.118
 54 301.392092   5.701089     9.932     9.978  8 54103.07717784 47.583
 55 301.392195   5.696123     9.284     9.330  6 54138.07714783 34.353
 56 301.392837   5.695170     9.703     9.703  6 54173.07715470 51.260
 57 301.391813   5.693430    12.894    12.902  6 54208.07715271 52.214
 59 301.392547   5.697903    15.017    15.003  7 54278.07719933 52.043
 60 301.391772   5.708217    14.254    14.263 11 54313.07720125 52.229
 61 301.391425   5.708022    12.780    12.803 12 54348.07717259 49.187
 62 301.392395   5.701209    10.656    10.665  8 54383.07713741 51.539
 63 301.392154   5.700447     9.874     9.890  9 54418.07712032 50.168
 64 301.392153   5.698796    10.386    10.378  7 54453.07710693 51.451
 65 301.392047   5.707675     9.940     9.977 12 54488.07711985 31.725
 66 301.391723   5.707822    11.556    11.593 11 54523.07712167 52.364
 67 301.392772   5.698188     9.285     9.372  7 54558.07712791 36.425
 68 301.392558   5.694677    10.248    10.316  6 54593.07711582 29.743
 69 301.392631   5.695858    12.682    12.670  6 54628.07713088 52.298
 70 301.391654   5.692210    14.603    14.604  5 54663.07713741 52.587
 71 301.392203   5.708126    13.413    13.428 12 54698.07711452 48.511
 72 301.392698   5.694737    11.019    11.074  6 54733.07709531 20.154
 73 301.391907   5.705432     9.626     9.700 11 54768.07709306 33.632
 74 301.392271   5.692528     9.721     9.721  6 54803.07708818 48.701
 75 301.392098   5.701784    12.055    12.091  8 54838.07708594 51.970
 76 301.392706   5.694065    11.109    11.151  6 54873.07708803 31.392
 77 301.392392   5.693888    10.705    10.724  6 54908.07709102 20.775
 78 301.392060   5.692543    11.544    11.555  5 54943.07708072 51.262
 79 301.392160   5.694000     9.667     9.694  6 54978.07710869 40.385
 80 301.392725   5.695327    12.581    12.568  6 55013.07711498 52.435
 81 301.392381   5.701111    11.639    11.686  8 55048.07710888 53.072
 82 301.392343   5.702285     9.594     9.607  9 55083.07707962 52.957
 83 301.391258   5.707656     9.026     9.045 12 55118.07704174 47.013
 84 301.392465   5.695727     9.063     9.070  7 55153.07703621 48.743
 85 301.392025   5.694814     9.964     9.956  6 55188.07702746 52.193
 86 301.392871   5.695196     9.502     9.493  6 55223.07703540 52.431
 87 301.392247   5.702870     9.305     9.337 10 55258.07702447 46.908
 88 301.392274   5.699864     9.402     9.411  9 55293.07702378 52.079
 89 301.391577   5.691913    12.901    12.901  5 55328.07700670 50.643
 90 301.392280   5.700183    14.727    14.758  9 55363.07700326 51.004
 91 301.392230   5.695979    14.801    14.810  6 55398.07701102 51.543
 92 301.392047   5.708420    14.813    14.812 12 55433.07702067 49.262
 93 301.392102   5.708668    11.530    11.513 12 55468.07697817 50.124
